,NODE_FILE_NAME,NODE_NUMBER,NODE_HASH,NODE_TEXT,Q,A1,A2,A3,A4,A5
0,msd_servo_drive.txt,172,e3ea8ddf42ebf79339be3465c2340bb1ae9c1b35b0e6b2421ad642755c6a2b26,"- Please try to switch to a different version of device firmware.
- Save your dataset and reset the axis module to factory setting. See if the error persists, or if it comes with activating a certain feature.
|
|11.6.20.17|Error 19-17 (emergency code 5300h)|
|Cause:|Safety-system run-up with illegal firmware!|
|Suggested steps:|- Process firmware-update and process power on (24V) reset!
- This is probably a software issue.
",What is the suggested first step to address Error 19-17 with emergency code 5300h?,Switch to a different version of device firmware.,The initial recommendation is to try a different firmware version for the device.,"First, attempt updating the device's firmware to another version.","To resolve Error 19-17, start by changing the device's firmware version.",Begin troubleshooting by installing an alternate firmware version on the device.
1,msd_servo_drive.txt,172,e3ea8ddf42ebf79339be3465c2340bb1ae9c1b35b0e6b2421ad642755c6a2b26,"- Please try to switch to a different version of device firmware.
- Save your dataset and reset the axis module to factory setting. See if the error persists, or if it comes with activating a certain feature.
|
|11.6.20.17|Error 19-17 (emergency code 5300h)|
|Cause:|Safety-system run-up with illegal firmware!|
|Suggested steps:|- Process firmware-update and process power on (24V) reset!
- This is probably a software issue.
",What additional steps should be taken after switching firmware versions for Error 19-17?,Save your dataset and reset the axis module to factory settings.,"After firmware change, save all data and restore the axis module's factory settings.","Next, preserve your data and revert the axis module to its original settings.","Following the firmware update, ensure your dataset is saved and perform a factory reset on the axis module.",Subsequent steps include saving the dataset and resetting the axis module to default configurations.
2,msd_servo_drive.txt,172,e3ea8ddf42ebf79339be3465c2340bb1ae9c1b35b0e6b2421ad642755c6a2b26,"- Please try to switch to a different version of device firmware.
- Save your dataset and reset the axis module to factory setting. See if the error persists, or if it comes with activating a certain feature.
|
|11.6.20.17|Error 19-17 (emergency code 5300h)|
|Cause:|Safety-system run-up with illegal firmware!|
|Suggested steps:|- Process firmware-update and process power on (24V) reset!
- This is probably a software issue.
",What is the cause of Error 19-17 with emergency code 5300h?,Safety-system run-up with illegal firmware.,The error occurs due to the safety system initiating with unauthorized firmware.,Illegal firmware usage during the safety-system's startup triggers this error.,Error 19-17 is caused by the safety system running on improper firmware.,The root cause is the safety system operating with firmware that's not permitted.
3,msd_servo_drive.txt,172,e3ea8ddf42ebf79339be3465c2340bb1ae9c1b35b0e6b2421ad642755c6a2b26,"- Please try to switch to a different version of device firmware.
- Save your dataset and reset the axis module to factory setting. See if the error persists, or if it comes with activating a certain feature.
|
|11.6.20.17|Error 19-17 (emergency code 5300h)|
|Cause:|Safety-system run-up with illegal firmware!|
|Suggested steps:|- Process firmware-update and process power on (24V) reset!
- This is probably a software issue.
",What are the recommended actions if Error 19-17 persists after initial steps?,Process a firmware-update and perform a power on (24V) reset.,"If the error continues, update the firmware again and reset the power supply.","For persistent errors, carry out another firmware update followed by a 24V power reset.","Should the issue remain, reattempt firmware updating and then a power cycle.",Persisting problems require a firmware update and a subsequent power reset.
4,msd_servo_drive.txt,172,e3ea8ddf42ebf79339be3465c2340bb1ae9c1b35b0e6b2421ad642755c6a2b26,"- Please try to switch to a different version of device firmware.
- Save your dataset and reset the axis module to factory setting. See if the error persists, or if it comes with activating a certain feature.
|
|11.6.20.17|Error 19-17 (emergency code 5300h)|
|Cause:|Safety-system run-up with illegal firmware!|
|Suggested steps:|- Process firmware-update and process power on (24V) reset!
- This is probably a software issue.
",What is the likely nature of Error 19-17 according to the suggested steps?,This is probably a software issue.,The error is most likely related to software problems.,"Based on the steps, the issue seems to stem from software.",The nature of Error 19-17 appears to be software-related.,It's suggested that the error arises due to software malfunctions.
5,msd_servo_drive.txt,172,e3ea8ddf42ebf79339be3465c2340bb1ae9c1b35b0e6b2421ad642755c6a2b26,"- Please try to switch to a different version of device firmware.
- Save your dataset and reset the axis module to factory setting. See if the error persists, or if it comes with activating a certain feature.
|
|11.6.20.17|Error 19-17 (emergency code 5300h)|
|Cause:|Safety-system run-up with illegal firmware!|
|Suggested steps:|- Process firmware-update and process power on (24V) reset!
- This is probably a software issue.
",How can one verify if Error 19-17 is related to activating a certain feature?,"After resetting, check if the error occurs upon activating specific features.",Observe whether the error reappears when particular functions are enabled post-reset.,Test by enabling features one by one after reset to identify the culprit.,Determine the error's feature association by activating features sequentially after a reset.,"Post-reset, monitor error occurrence in relation to feature activation to pinpoint the issue."
6,msd_servo_drive.txt,172,e3ea8ddf42ebf79339be3465c2340bb1ae9c1b35b0e6b2421ad642755c6a2b26,"- Please try to switch to a different version of device firmware.
- Save your dataset and reset the axis module to factory setting. See if the error persists, or if it comes with activating a certain feature.
|
|11.6.20.17|Error 19-17 (emergency code 5300h)|
|Cause:|Safety-system run-up with illegal firmware!|
|Suggested steps:|- Process firmware-update and process power on (24V) reset!
- This is probably a software issue.
",What is the emergency code associated with Error 19-17?,Emergency code 5300h.,The error is tagged with the emergency code 5300h.,5300h is the emergency code for Error 19-17.,Error 19-17's emergency identifier is 5300h.,Associated with Error 19-17 is the emergency code 5300h.
7,msd_servo_drive.txt,172,e3ea8ddf42ebf79339be3465c2340bb1ae9c1b35b0e6b2421ad642755c6a2b26,"- Please try to switch to a different version of device firmware.
- Save your dataset and reset the axis module to factory setting. See if the error persists, or if it comes with activating a certain feature.
|
|11.6.20.17|Error 19-17 (emergency code 5300h)|
|Cause:|Safety-system run-up with illegal firmware!|
|Suggested steps:|- Process firmware-update and process power on (24V) reset!
- This is probably a software issue.
",What type of reset is recommended after a firmware update for Error 19-17?,A power on (24V) reset.,Perform a reset by cycling the 24V power.,"After updating firmware, a 24V power reset is advised.",The recommended reset method post-update is a 24V power cycle.,Ensure to execute a 24V power on reset following the firmware update.
8,msd_servo_drive.txt,172,e3ea8ddf42ebf79339be3465c2340bb1ae9c1b35b0e6b2421ad642755c6a2b26,"- Please try to switch to a different version of device firmware.
- Save your dataset and reset the axis module to factory setting. See if the error persists, or if it comes with activating a certain feature.
|
|11.6.20.17|Error 19-17 (emergency code 5300h)|
|Cause:|Safety-system run-up with illegal firmware!|
|Suggested steps:|- Process firmware-update and process power on (24V) reset!
- This is probably a software issue.
",Why is saving the dataset important before resetting the axis module?,To prevent data loss during the reset process.,Saving ensures all important information is retained before the module is reset.,It safeguards against losing critical data when reverting to factory settings.,Preserving the dataset avoids the risk of erasing valuable information during reset.,Data saving is crucial to maintain integrity before the axis module's reset.
9,msd_servo_drive.txt,172,e3ea8ddf42ebf79339be3465c2340bb1ae9c1b35b0e6b2421ad642755c6a2b26,"- Please try to switch to a different version of device firmware.
- Save your dataset and reset the axis module to factory setting. See if the error persists, or if it comes with activating a certain feature.
|
|11.6.20.17|Error 19-17 (emergency code 5300h)|
|Cause:|Safety-system run-up with illegal firmware!|
|Suggested steps:|- Process firmware-update and process power on (24V) reset!
- This is probably a software issue.
",What indicates that Error 19-17 might be a software issue?,The suggestion to update firmware points to a software issue.,Recommendations focusing on firmware changes imply software-related causes.,The emphasis on firmware updates suggests the error's software nature.,"Software is likely the culprit, given the advised firmware solutions.",The directed steps towards firmware adjustments indicate a software problem.
